1014
1285
1658
1015
1286
1663
1016
1287
1686
1017
1288
1693
1020
1317
1705
1021
1322
1706
1023
1323
1717
1025
1324
1719
1031
1325
1729
1032
1326
1730
1044
1335
1747
1054
1336
1751
1055
1382
1754
1059
1383
1755
1064
1384
1760
1065
1415
1764
1077
1417
1765
1078
1418
1766
1112
1420
1767
1113
1423
1768
1144
1456
1777
1149
1505
1778
1150
1507
1790
1151
1508
1797
1166
1509
1798
1169
1537
1841
1187
1558
1842
1198
1569
1870
1208
1577
1871
1211
1578
1872
1239
1591
1875
1240
1592
1876
1278
1599
1279
1600
1280
1615
1281
1616
1282
1629
1283
1648
1284
1657
