114935
121050
83010
120217
104059
98535
108202
88589
98422
99949
98871
94492
82051
126903
20326
114990
20949
112249
125511
99604
105176
129886
20120
107055
129552
87135
95116
132179
21085
130687
109735
103679
20362
87445
93856
98831
112028
122801
116019
85173
129405
84973
118864
128154
95057
21059
99964
106246
125535
84354
20325
122528
80688
97092
80557
105767
129720
83999
20197
127305
126389
125554
113111
93278
20461
21056
131867
139272
90021
114713
109521
129926
121085
127611
86924
93723
93292
85083
94848
89377
92927
116354
90281
114709
116051
96659
121670
20151
117226
106039
88209
112061
130759
91717
87646
20888
90262
106802
87804
117397
20322
112332
20940
84761
86722
83372
20189
93517
87563
20974
106880
88770
93549
90077
93169
88402
84103
93787
20017
20589
104235
121407
118393
102041
88760
130211
127417
119791
20247
121001
98314
105168
83454
126176
112694
86972
97485
20386
20387
86350
19977
20153
87601
93406
92089
119302
20011
106331
105860
116360
127542
85743
87538
105309
83835
82492
98394
87346
20941
110354
109646
81760
110828
86444
92193
126554
90060
20313
19981
93734
132224
104785
20327
88608
86486
98567
20963
132657
97994
105979
92211
81725
21016
20649
91962
99352
84688
85853
115800
116210
92554
87990
114723
133220
127236
94276
91919
112126
131224
127008
122522
82790
126921
97271
20320
130121
110168
89279
93051
128061
92182
95015
95460
