997818717
2832458131
336426329
2734016600
1403873511
2529143538
1304389731
850131294
3374628517
982522394
3010264843
3635306093
3567315418
3506926170
1695950181
2200670875
108828000
2657079253
3538085126
199547104
2564511370
3614947229
943724490
562992781
443652258
1217141098
2688141773
794058926
3891584278
2951167051
3753452353
987544292
2022868892
2691116331
1857834970
2763114922
1547584703
2901356997
3606976091
3915422918
3321849919
254383703
1761492502
905292781
4031942322
3906186680
3827457731
826730657
3260871738
3605497536
3604691191
1156073272
2254317902
1110356321
4106746357
3117043986
802748205
2295699564
3216964316
2884386695
3345297865
3298815936
1310206420
1605617010
1643083161
3212763876
3548675539
754671892
253771324
3753613715
3066751024
1854364375
1620557808
1139941451
2133389205
4196412787
1991951207
3236504015
1457842729
1762102677
3666908232
467305309
2070099435
4269796936
3830031504
1197045954
2740569399
3856077977
619635668
2511291760
3123429468
3703469018
2906925573
3902996821
1222568744
177928631
3501955380
11574123
3549674509
2533255886
482239832
3477990078
2982184070
4095893651
1145936325
2745152671
594496588
320127697
1604003015
3055237322
4211615439
2658232795
1752698697
893070403
527463413
3925705705
3076915122
3373396339
1614363829
1545837513
233205461
1476023122
2886590951
1547173705
307804547
74920331
1566869901
134279804
2139026534
3214822644
195168692
2033463791
182017409
3716972371
2437115295
970890500
3544869608
2498589740
1996891106
1572161461
2830121192
2194652555
1836756700
1348459455
235478560
1050116930
1447464089
3814863545
3793444603
3249817543
919679140
674306142
2939479952
1829488364
3991005721
3470445476
448304956
1922557027
1446259968
628391776
373574366
3323308438
3452453842
1789695979
1220374725
2689188662
1448081953
2344269626
1636587618
1905979097
2222241318
1621617031
4259136159
2718945982
2928085046
1828951258
1564801354
3182049011
520579518
1400509715
2720014197
3052691308
3758103185
2464767924
3213518740
2748158536
4093356685
4177765106
851427152
2397365139
1735338986
3090659941
3732485344
3512003246
3891810238
3043294809
3655426254
1313957126
2490635263
1910420386
2192302358
734794291
3867430894
3340851327
2374556661
335104664
3498378981
951581315
4107507507
3516454823
3359871584
385564988
52835891
248585929
2804514247
1998578790
447184381
1560828340
1890822437
2001714085
2322119606
1150591062
3620213387
344766746
2840008346
2935256495
16684978
2010454025
2508284118
3176914833
1859900144
409133707
699682516
2991801804
3880738222
3694822252
1043634177
915599319
4190952364
29811890
2308648032
3901605230
1823231434
80982198
1785444398
765941980
787911250
2112415953
1317462
1380078917
984757368
2148378283
3744541693
2420532406
2876352000
82699044
283366029
250211156
3245338991
1120459625
299894413
2593612027
3615907583
3923883359
3520758666
8454119
3346511370
1580563603
1170788175
3170512105
402523989
1645871327
818654763
669437295
3531047767
2932569616
3870702454
1123556411
1506379233
2586296094
2074860152
2167615125
2588038141
2650375172
2739925272
3925151495
3410668296
3770031954
2589790495
4006534625
3782270648
3870295870
4182146714
4085341874
1485727346
60021964
4196502261
2762662297
1781775187
97005004
2319858717
4137052624
3847306693
2435041096
915920148
2766838213
1410948099
1101490424
2932582600
2739408373
3866325191
375686109
1830789740
3165713481
86226939
823277717
3014879953
1025031408
1030193285
1048162151
2394345225
1819013777
2398605805
3840308617
1696518862
2551635949
662466380
3091738725
3733544876
2129564650
342333582
3289562482
3816691265
4240185446
2074348568
2485879167
3818720350
351109165
2397937510
793702653
396724706
500214245
2670840190
2258551019
3730474103
2706712860
419535935
1804310687
1654508502
533823633
699288066
3747270459
278814796
2336714673
1735315447
3831608525
1832999514
4069824072
1498873540
4099541746
1521763392
3808965674
388650152
526023406
631348709
1743802575
308228517
1481550494
864032752
460925240
1965701522
389182564
2166835733
3032863642
11407866
629271662
1871767977
3377759088
2539774514
306816217
1060532313
2755175939
3533959599
3376877661
1989985299
868703738
1336976954
3704894948
2180976537
307169010
718830447
2639722173
2240703148
762034957
255246595
1615516059
1200684014
2057058534
1838048191
1852239521
2333531511
3133368442
1876155559
3885398873
1590131354
2967555571
3970800099
413107749
3172989359
3459140306
1198356813
3482208722
1120275692
835121147
1592697722
628144066
2721211800
3756388677
566745642
2555837927
1466472141
1944147637
3438308617
3746502009
974108074
2788528349
678139191
725712542
1057423710
121697273
1152449741
3726776317
3744723479
2709385105
716537879
2933325835
3724047858
4199436321
749654008
1991567562
334290435
372100986
3533807592
3744667754
1279886614
1671345251
1736791488
4196310650
1254730664
1748232481
1017092387
1044438549
2285120424
2860715826
3250922962
1494969836
1512248949
1011497669
2390107820
2146308400
1770415263
2670354621
1076565274
1065666069
198051119
3719615756
2741286919
2715820110
579934409
2947976933
3731824395
2726208310
1547321683
1860870575
610158411
2000585278
2151592349
3148192122
1924149526
70214854
100527940
2048917421
3748226758
3481634232
3235320003
2671429330
486404664
3253387239
2469426313
2939120682
2428446542
1340072536
3552163094
1607063270
2604857252
2544376434
4292903812
3876784770
1513930399
3227202635
2100052286
1799875502
370053661
3428149887
2170759229
3685268115
2814825506
3038035275
1484543503
1790488894
2425606479
440314957
3176046588
4118326689
2691009321
225017631
3683182920
3279245901
2851612661
192039987
2816126335
1585331466
2675724304
3441116881
1861299663
2286509730
1934623281
481928384
3343129791
1393778620
2906198493
2184988827
277985884
2823833643
1027389114
2433433960
3743186010
3091757174
192271174
808262395
233932345
574930953
3762475569
1381671196
3439727076
1469221931
3262225790
1724567179
1150278162
1762027912
192413932
1222330281
2312088658
1337936015
1526154632
3511384247
1453109530
3837482902
3090132303
3761349403
4239005932
568769650
981492397
103652366
3917125611
510706202
84407714
360459346
2861717830
860920010
1308201745
1177503761
3410682651
4080403633
817266153
2179545776
3445089839
473767958
310631091
3995554858
190100766
1908390739
337120853
1334116930
1081730904
3338094212
714036765
200066829
3661330789
2718695342
4136155069
49408975
2556918590
1133357643
731048453
2625808132
4285301913
113335479
2262929710
1485100276
834809108
3209198339
1228891697
756380264
1310346718
2871739930
3492490140
2842709105
1185574887
3288745244
972336786
1827965364
1190308761
154667058
2180081033
1459501611
3445216767
759622826
2311827557
3607981599
37329051
1678076849
2404418579
3644730316
1870893305
3010354631
4061437282
334468298
3362293049
1773584299
1560233178
765502775
1531930180
3297348664
1812622069
624076698
3625162682
2180799847
2180316189
2944925114
3926498329
3354511550
2791617373
3204472167
4160502168
1643725238
1579351358
977404127
2110496117
2293300734
3984163767
4040716945
1506723543
1612290284
2105801105
1440643572
1638126951
3807880204
3234489701
443632695
661613686
666666729
465465726
2351609522
3572235922
2880229752
924632425
3749102689
1023701836
1382465428
2543780112
4187598678
2026754591
696727241
2919917027
43606631
2182362214
2791148092
926616751
3255836650
2408914693
2338019591
1094939473
3095311898
377178190
2994983988
1378634377
2976850765
1636295669
1963601913
2970389523
1168021938
2680509132
2209414761
1697787695
52306425
3870273492
985910486
1293529777
2885180167
234528430
3495559578
1841154314
1169616649
3234586495
1616242378
485017822
1804076739
4238772277
1730231179
1536441148
1134044888
4016765342
2753998487
232853819
4174857942
2929280193
1919055552
1510691965
2023285198
1386561348
2172281415
1412450749
4060589852
661770582
3972288841
4167756410
1697816442
2037552598
348711479
1604268733
4113417726
3392035756
975856179
1742732745
1997401992
1533767893
1201047966
571955453
2333670705
3733778000
4083814481
4242587695
2822781649
3458965699
677581716
1613166374
2785454369
4285804772
956032422
4122649464
2412716526
3357695482
2654954754
1453143940
3670726676
646773252
865069950
1081366850
634597131
4099736023
2216595430
326891280
676758900
3103368139
3807715038
3293621097
176129790
3859141450
2818302209
2271737742
3851803705
2047595784
1214132906
880296671
1457648056
1930702369
37835493
826824711
2613113832
2117857991
1250648840
4172833860
1794800030
3601751755
2539603725
2200266312
3147576269
1307181116
3906575236
2108937486
401879401
2585124211
3818082974
420900014
624155263
2161418201
2108841974
782651188
1483500237
524958008
3373021317
1088695522
1942988748
2774105134
1794346030
2733440164
1479578650
2748427955
1007995238
1779232530
324718088
3621702873
835001493
462702505
1046399178
4172321775
3346107281
2385983560
392818846
3931419723
3392963865
1744430207
1238756309
906347615
2758762405
292969238
4039829353
4083828352
273547252
3474496151
1648798153
2253200176
3150163478
983504031
2402029124
661364701
1730541924
2905849066
500081009
3846816171
2423596559
367320913
3109977781
3467479455
4108002155
3017936002
1342685465
2442304782
876444031
1860819350
3332328549
3743427092
2934644075
3112586807
3777345255
1248515966
3245755395
4066124203
408967257
199809850
4144391965
2795844072
1137996270
831081379
3914722336
1365145510
3778234840
1103118018
747098283
1753282419
4193918219
1738235220
2620895813
2424990755
1764158413
3669543341
1000393599
4090691856
2933490015
2170880573
398131152
3612049856
746172812
2093758775
2333477346
681935372
119126177
1303822344
3039910629
3093541482
3806576780
3410508529
3443753647
606185341
340803193
1901910719
1091857727
894197507
405373926
782547571
3815131512
1637723952
3539717209
476252579
2002122030
1924569075
261887422
162526644
3573560794
194324018
3506213723
36895554
1896354997
2465300344
2864018454
1594198178
3104080596
3192540230
2897082725
163259093
952845911
3778541583
993394555
2614145086
4276974103
1111014310
861649027
1873729948
2289849916
1235977088
4067048825
1584150953
1204013299
2441231201
3474248854
3909015218
2537779643
2422503990
624204289
443334800
1060668554
3822559318
766617571
1833416906
898340201
2996472019
281446151
609583468
2175309663
4268231041
360427065
131655018
1687224870
2263443077
1867827374
1968175551
1908959165
1819473619
1299596535
1402618672
947782339
725744795
2588900615
856706691
4137147732
537502840
1204359507
741738961
3535898260
3219790231
78982423
1472207263
2134697000
1942822174
3225665554
3869583798
2041229468
1438348583
65198031
986035435
1228855311
248138276
3945053428
2893679025
130118047
4163093414
1357417369
550810566
3289273628
3260960488
2248403809
579459470
1496827612
3896564969
432187454
4135739225
3675176980
1761473096
2470886822
4264683889
2235019065
3678218578
277233792
2259039644
2499963942
2333937949
1838464457
2726043986
1006151876
1679688116
1440768299
771616981
2710418039
1477683629
3185171421
2403464508
2710058273
2305221381
1105526680
924815264
2131488178
210534092
908607262
2298674157
362293270
1113295648
3264624310
361460013
1795409854
3342182273
1915723430
1125207511
813520934
2748843731
4160147836
4083266820
3277181789
1586254402
2457761447
3931956861
1673549883
706517651
4100540491
1172262944
2981829638
902534154
1915807892
1184389633
940718928
1654523276
1084225445
3190862186
3978744570
3763213896
867458668
2780566236
3140512536
2292204095
194293030
523278137
2884173160
3932933674
2588125611
3598760125
2247752771
496203414
4284483827
746461855
451261789
2202346713
3836020010
2321665294
2058693392
3035602262
1767985023
1161831083
2622601913
1877783147
322458406
3696718394
2017765808
3925565817
978955855
845422206
2925300630
3220670955
3724155829
2171168019
680441334
2507776631
2318786012
2087996196
3128815857
881641391
471903637
471230479
3840869169
3290096905
438637277
1216701855
3123810007
1782265789
3829047511
1046353426
408837402
25811472
1196527465
3608113928
4198853043
978316517
1904603550
2239217267
4040147816
1682850665
3275217080
1705895007
3450122487
1513736265
263354790
2367528097
1068261111
3620165734
2696622128
2272230240
348742929
158779019
1161329133
1001970838
486306438
1433666289
764315034
1992060521
1413282375
1901159589
2085520575
25354225
1238240598
3711850368
1818459775
443900734
2225237681
1164794273
3836403514
1120521402
1638715823
309129555
950661655
3371160733
115784129
3675945478
1885577882
3221624404
1084860562
51217255
4117238293
494764211
646981992
3082686752
4113794425
2933854864
962036104
1569318720
3245954075
2256834144
584328521
375434957
363441871
3930335526
2319442352
488302404
2165388202
3917353122
2365721251
1960268000
909152050
2066354189
3647998632
894864165
3809027065
2311595124
4284367721
903529086
1977306864
2340561949
3316130924
3340124957
2392768937
296947353
2319274290
911677944
2154725318
1904270196
3813030131
1039936647
3566300931
2240499373
1778227059
93800202
754064811
447775004
3231527178
1351409340
355612286
272785799
1492693407
1649501759
2895974122
733780371
2729807028
4232585168
1221640483
597625120
2972126748
808687263
3470362520
3221434093
965145125
3447842173
1630871538
1829191843
3745413288
2877714252
2647545200
276761217
3236644272
2215153516
2852081635
2518846638
1861767482
383103459
3081556774
228519096
2280234873
3247943782
1296243384
4269306166
3117409134
3410573615
1887390452
3561979823
3892575145
1607889954
3692156343
872953625
1852377689
1887252222
138434806
4187823334
189913356
2449123338
1822850038
3545637731
3437461935
2894537898
1631350938
1332795634
1814037649
2318003050
2359486867
71851847
1452555764
3185151244
1161373229
211169351
2486269820
1207361199
1602583606
2450905343
3985888022
517593246
673480448
1924109233
2175676858
1516788178
768254884
1000881804
1417920839
860165209
3062402909
865678636
3171575673
618085604
1095340536
4020664673
2742726803
4026910516
415148142
578652819
3921457149
3218515872
498628252
969649154
3381441522
3524638841
292946269
2461687277
3653965527
1512440794
2626581416
2781760374
2269734277
2776193382
1779531630
349934174
360338543
1781205887
3194463561
2299321259
4288368085
410808047
2918766267
2625488221
3704095570
4215014897
55710183
831211165
4216533717
779151395
3565014343
4093108110
1467713509
3993637691
1569761975
1711930631
4069098061
2828263690
1037644062
688334597
698185794
4133213633
3882431387
1687315516
530789110
3100094802
352505908
3386202055
3022646611
3327313154
1303893979
4250731906
2610067614
2657764686
2694518755
2242628840
713088600
3539567950
595113616
803514179
1346910582
2988053796
1114035056
1654119012
107578676
3800855923
708998859
1939119029
1710493410
2824389829
1137076695
3670092995
1394077291
1786969075
3982145425
287967180
3511452762
657998684
3920704580
2990984557
1344101127
2788824854
2446607895
417075525
2171240541
536638696
863570233
2413176236
3769010696
941151156
3498010347
2646855369
3266753211
1786758517
2070724014
482294424
4026391232
3530244209
396928608
1512563087
1391684772
3809989470
620265516
3264978932
1489422464
2762202970
2705533334
32938469
2435244873
2060298621
1162141764
1686389288
1448457386
2714001943
2422512134
920823026
56162563
3691492943
2711538206
1157595916
3419043004
1280157702
3016118416
433029449
2649991749
3880233477
2462036439
3241674953
2719078954
3535052608
3917203499
3451752350
2051099070
3029167955
1892704317
2758144993
3194237272
3712060241
1826680116
255089519
3722539437
105914514
2305446143
2979786632
3030572467
3867546625
3549161979
31361606
1020132225
221853583
1240942354
1858784998
612700286
3996598573
1236117854
1660839245
1786222403
1592786106
3319985890
2896375520
1630775946
3888585994
1299713973
2103228157
1070737504
1525589082
2799972108
4288775453
3059148008
4190603704
3138616935
2978762615
749926734
4290234295
2943493898
2047559103
3443950251
2819146349
265721632
1497934968
335003211
2112119995
2404507707
2675079707
2808974219
1437821247
3349861642
4063155703
429608771
3468032341
3569165538
4065001465
3706183788
809074299
1163553824
3351164964
1708583305
1593612444
890147203
